start=178.478000
pause=yes
sub-scale=0.900000
