start=331.398000
volume=115.000000
fullscreen=yes
sub-scale=0.800000
